3.092724964981743430e-01 8.643815901017849468e-01 6.427758170242126035e-02 3.030394743657837120e-01 4.270765734280171921e-01 4.415911470236022485e-01 8.431961199849533628e-01 9.328249796958408835e-01 5.738587642137172873e-01 5.660442634005470319e-01 9.142216437386919692e-01 8.719277151958115812e-02 9.165610288488986734e-01 1.315273881830669733e-01 3.670173409053647529e-01
3.121205207886956767e-01 4.291356306185762914e-01 3.282343492007786523e-01 6.733647495575758590e-01 6.527203658919463747e-01 6.594914674952825351e-01 7.487062212340886980e-01 6.432350907188590927e-01 6.167831082029073819e-01 6.393066446960886662e-01 4.761814520226218539e-01 3.794987866905572549e-01 7.983922650696146928e-01 4.325364348050253493e-02 4.099674261132746356e-01
1.531400520413572774e-01 5.843759489887274672e-01 1.571634480165498005e-01 5.167369968482870002e-01 8.791789238643422655e-01 9.004605537785945746e-01 8.668253449357893325e-01 7.680456404887241462e-01 2.352551851790075643e-01 9.958161827466922578e-01 2.091178105424922329e-01 8.060639140322274354e-01 2.120166855405853923e-01 2.225841293603257887e-01 8.048327846795121365e-01
8.822831435031652791e-02 1.126045516256737322e-01 4.413234445589704347e-01 7.913674701596795646e-01 5.165397201566384044e-01 6.281722973457288806e-01 4.381166636193144504e-01 5.940216499510876380e-01 9.652483391918939004e-01 7.525061389547903490e-01 8.662874715191746233e-01 2.079197708586457694e-01 7.948421212769809507e-01 9.917531658249610915e-01 1.733024320215764691e-01
8.044226540265057013e-01 8.536638572707536676e-01 9.783970928849581306e-01 4.550885442941408066e-01 9.150401633713033389e-01 3.922618079230903998e-01 3.847973892035218002e-01 2.173577105146142774e-01 1.468061854155600088e-01 6.952212024049797545e-01 5.394949592912526848e-01 2.788557494288373961e-01 9.379673876192639037e-01 5.574775724571698898e-01 8.646709445875697675e-01
6.238394592414068240e-01 7.566297177616096992e-01 1.137663509276954921e-01 9.870277072114450601e-01 3.856771320249517965e-01 5.891661577640430192e-01 6.035494032171518919e-01 1.452338184644440533e-01 6.919613948809716364e-01 9.347052178403388867e-01 9.831322265250430625e-01 8.849104770208841009e-01 8.555154043166076638e-01 4.375269385970896874e-01 1.599754352410942548e-02
2.247950595377045113e-01 3.255461476361076745e-01 9.159231344580635037e-01 8.858545523794114640e-02 5.877934256895986920e-01 6.840098266683733996e-01 9.368167124524319211e-01 9.711243951697229315e-01 2.401273743983178832e-01 6.981038592768551432e-03 5.646156309394834150e-02 1.477404839163909411e-01 9.703438817560761098e-01 4.947610840488225747e-01 9.750381131356423703e-01
2.078898328673581819e-01 4.991852465283319606e-02 6.787889382137599625e-01 2.703001149780436263e-01 9.535032433376935401e-01 2.390944614469171503e-01 2.184150407693078444e-01 5.336242918565888838e-01 1.998081381740783868e-01 9.475412188815066639e-01 7.642638288030034754e-01 1.479524341048504832e-01 8.149848765704534870e-01 4.015411243391826535e-01 9.535274044029262708e-02
8.314368873156237072e-01 8.040954366759560656e-01 8.731212512801600489e-02 2.362994644137131894e-01 2.308065409420719805e-01 8.576582267033956430e-01 4.497526291931830400e-02 9.961170584646306114e-02 9.182754370350475481e-01 1.270364917561818130e-01 8.464703651705163256e-02 8.654523653816692530e-01 8.467989359971905827e-01 8.489563457587750994e-01 2.455795310863710945e-01
4.827562022062226177e-01 9.557779165999616966e-01 2.174069946440287948e-01 4.166675295876538510e-01 3.691090485678067967e-01 6.217678367031842512e-02 5.494278410953948866e-01 3.912045896810112389e-02 2.201981278912665818e-01 9.887625275488606258e-01 4.654917073953791506e-01 9.673723601115556958e-01 6.149952205514978010e-01 6.376550734842943990e-01 1.204496941412447342e-01
1.756147167862134317e-01 9.689756785017755725e-02 7.394473190141568342e-01 6.228042255844482566e-01 7.812732564411678515e-01 4.302756977412615091e-01 9.233410817217249100e-01 2.714412727592615537e-01 3.471994888808589419e-01 7.365106791546449649e-01 6.301817331276471368e-02 5.591398487314693799e-01 3.513749022163119573e-01 8.282994759766459936e-01 4.838732044972660074e-02
2.894490984982042159e-01 1.145410610684505226e-01 1.450761522749910437e-01 7.768309192534109675e-01 3.844840261753368349e-01 3.109484211345591165e-01 8.993870247497430803e-01 2.892984574451751278e-01 3.487175749604110031e-01 2.084181175779329376e-01 8.210564410269022284e-01 5.060314974193316218e-01 1.163323261008779586e-01 7.298854651148329875e-01 8.488575298293399296e-01
1.349814402867831609e-01 3.222884713909949239e-01 8.641498349664415990e-01 5.457921948163017012e-01 2.127350188892448424e-01 7.502815794402503125e-01 7.999129775583591062e-01 9.738928580898309484e-02 7.906588317134798372e-01 2.343642091242815750e-01 1.734234247647592486e-01 2.825415686927638115e-01 8.906852049242097724e-02 5.329674506720305516e-02 4.189199500449498625e-01
5.875236818258197102e-01 4.235299813217996423e-01 9.573743979306593710e-01 2.282096691079493755e-01 7.035182993037040200e-01 2.763895265445415195e-02 1.801996559025038636e-01 6.291062845619834754e-01 3.210455211338205661e-01 2.852413898967727235e-01 1.369424508679847330e-01 6.321044333442160656e-02 3.106629012452677419e-01 8.813718678636098813e-01 9.710646017715246492e-01
3.211669066868344524e-01 6.163497252377170277e-01 4.697930624120110199e-01 5.538031604922954987e-02 5.257907079581946030e-01 7.186300743871613106e-01 5.002812272985713848e-01 4.193439266769038998e-01 2.698946384693802214e-01 7.304465130760544600e-01 2.385257278883035070e-01 3.779209632635096572e-01 1.065078920626139070e-02 4.715247725673881174e-01 5.471755289620265916e-01
